0.5000000762802719, [0.40296553 0.6230168  0.67042438], [0.39191517 0.23317178 0.8899626 ]
0.5000000586599568, [0.79768515 0.03197492 0.60222587], [0.00778602 0.83078877 0.55653337]
0.5000001974999622, [0.9484087 0.2502931 0.1946132], [0.54010232 0.51089259 0.66878864]
0.5000001815189737, [0.46520938 0.46704779 0.75196183], [0.09607428 0.94692176 0.30677177]
0.500000130623787, [0.99609221 0.04928796 0.0732871 ], [0.54583451 0.80850842 0.21995185]
0.5000000672419036, [0.96525889 0.25528053 0.05574153], [0.15279022 0.96744916 0.20173564]
0.5000001971129387, [0.94431346 0.31560416 0.09309191], [0.57561629 0.73278011 0.36290384]
0.5000001990833972, [0.70908167 0.0520666  0.70320143], [0.23299712 0.48241562 0.84438588]
0.5000002879898078, [0.02363899 0.91723937 0.39763443], [0.06525101 0.98602819 0.15326681]
0.500000157759031, [0.17727726 0.66636017 0.72424919], [0.85351085 0.38435409 0.35183969]
0.5000001990651306, [0.59284142 0.15237145 0.79077303], [0.82865458 0.47727975 0.29246474]
0.5000001987362042, [0.53792096 0.6556403  0.5298838 ], [0.64729206 0.07470373 0.75857257]
0.5000001253355574, [0.7882764  0.41870267 0.45089733], [0.05648855 0.2557217  0.96509868]
0.5000001756822094, [0.57754643 0.6715191  0.46422217], [0.07381608 0.33435616 0.93955157]
0.5000001947619499, [0.76077259 0.1791349  0.62380746], [0.28176244 0.02094817 0.95925549]
0.50000019083332, [0.75416267 0.49983051 0.42592033], [0.12349142 0.7937296  0.59560322]
0.5000000726232645, [0.04921197 0.09360689 0.99439224], [0.50892036 0.79521649 0.32959188]
0.5000001554105847, [0.74810156 0.32082088 0.58087694], [0.16517845 0.88888783 0.42731078]
0.5000000008276585, [0.68595974 0.41396719 0.59840656], [0.79363683 0.07823242 0.60334092]
0.5000001968025132, [0.45409861 0.86023028 0.23194464], [0.52454077 0.47384567 0.70733815]


1.7320510057888825, [0.73263341 0.34963605 0.58395455], [0.31895671 0.44316582 0.83777722], [0.84749808 0.36522868 0.38516881]
1.7320508634592346, [0.29590382 0.88149724 0.3679722 ], [0.97406557 0.05164691 0.22029267], [0.30923025 0.64406392 0.69968444]
1.732051318647581, [0.31710091 0.25934391 0.91224325], [0.63017732 0.48524772 0.60614454], [0.67594587 0.69929243 0.23256673]
1.732050820297423, [0.65549414 0.67816769 0.33228906], [0.10631138 0.46248999 0.88022775], [0.19353391 0.92067385 0.33897535]
1.7320508360362552, [0.66704243 0.39892635 0.62921552], [0.1984635  0.61007204 0.76708823], [0.61683727 0.78690353 0.01716446]
1.7320509614855422, [0.90720484 0.39717493 0.13867751], [0.34093515 0.38497191 0.85764786], [0.04194821 0.83635939 0.54657416]
1.7320518034991117, [0.62927157 0.65881301 0.41228959], [0.41072357 0.58021911 0.70331495], [0.43718153 0.85990211 0.26351596]
1.732051220378783, [0.53279754 0.60701852 0.58962302], [0.27446452 0.9240144  0.26620784], [0.39841174 0.72977549 0.55560402]
1.7320512131521455, [0.24179469 0.3834821  0.89133429], [0.23987407 0.74941884 0.61711573], [0.15483358 0.97994937 0.12540255]
1.7320508403313593, [0.26642825 0.84484353 0.46395624], [0.91306765 0.26610705 0.30902187], [0.41030913 0.43886307 0.79940329]
1.7320509730800464, [0.13303264 0.43432867 0.89087649], [0.65086531 0.75632432 0.06593836], [0.84610181 0.25158427 0.46991178]
1.7320508415026048, [0.15114653 0.40031239 0.90382781], [0.5476469  0.54203627 0.63740062], [0.39420956 0.91582805 0.07653628]
1.732051341977063, [0.40494748 0.66806403 0.62426596], [0.14116588 0.65923068 0.73857099], [0.95149728 0.30256722 0.05573151]
1.7320512799353305, [0.99159356 0.05358579 0.11777422], [0.70764986 0.59142993 0.38657769], [0.62038066 0.72708538 0.29406578]
1.7320509586228612, [0.30053599 0.83217269 0.46601152], [0.17984334 0.37723232 0.90848894], [0.92868067 0.30035034 0.21758191]
1.732051325815684, [0.24608568 0.4760746  0.84427176], [0.43960806 0.64479497 0.62528729], [0.9917051  0.09709347 0.08422501]
1.7320512797064085, [0.73488268 0.26573423 0.62396536], [0.53162597 0.55878781 0.63649824], [0.36671222 0.81823207 0.44273969]
1.7320510235133881, [0.67542221 0.56719293 0.4712717 ], [0.48399539 0.53230113 0.69455307], [0.82938279 0.40604819 0.38373045]
1.732052033547566, [0.71991053 0.17401961 0.67189731], [0.49135297 0.34631443 0.79914866], [0.72427667 0.10687595 0.68117607]
1.732050937578812, [0.93234941 0.21385629 0.29153054], [0.27047003 0.74698686 0.60733565], [0.21243058 0.24696575 0.94545289]


3.674237153363067, [0.60907805 0.71385775 0.34558797], [0.67021738 0.09911465 0.73551679], [0.33964391 0.61397434 0.71251493], [0.37755884 0.29247916 0.87858139]
3.6742354093353873, [0.79494411 0.32530927 0.51209153], [0.65600359 0.38389699 0.64983259], [0.97425587 0.08318937 0.20953525], [0.5243819  0.83480484 0.16770361]
3.674235325154823, [0.16192204 0.6936516  0.70187514], [0.6436034  0.18966475 0.74148631], [0.81051235 0.34466636 0.47357664], [0.69122678 0.04158882 0.72144016]
3.6742350969744133, [0.2671443  0.55459677 0.78807128], [0.94943702 0.27532497 0.1508824 ], [0.87912738 0.45584651 0.13906475], [0.49495946 0.7514229  0.43632415]
3.6742357344699363, [0.59299673 0.47227991 0.65215532], [0.9016923  0.2907688  0.32000704], [0.75353867 0.65163619 0.08688934], [0.59210177 0.61454368 0.52129796]
3.674235516796508, [0.47463678 0.73818706 0.47937438], [0.65576235 0.53486159 0.53282157], [0.62173357 0.48647269 0.61383361], [0.6310869  0.07562117 0.77201734]
3.6742354603826572, [0.59642104 0.00384058 0.80266257], [0.58896765 0.73859325 0.32801998], [0.45085901 0.78742013 0.42035186], [0.60113903 0.45635416 0.65602801]
3.674235271028724, [0.52739879 0.12860507 0.83982811], [0.05986994 0.4232684  0.90402403], [0.6935433  0.11446166 0.71126382], [0.754333   0.14004632 0.64138035]
3.6742352209208207, [0.94899301 0.25208835 0.18937721], [0.73676774 0.66872793 0.09988123], [0.63128272 0.74268376 0.22338969], [0.88251721 0.044246   0.46819405]
3.6742348831631766, [0.34555376 0.61550819 0.70833768], [0.76939396 0.2669083  0.5803386 ], [0.20791228 0.74633144 0.63226724], [0.36060108 0.92132504 0.14535142]
3.6742351649214635, [0.17006984 0.61427877 0.77054386], [0.65998626 0.67668104 0.32637542], [0.81613961 0.33291316 0.47231871], [0.79160817 0.54254324 0.28107533]
3.674235561577123, [0.08751416 0.6412355  0.76233739], [0.61574689 0.37453822 0.69323653], [0.7122084  0.2136228  0.66867368], [0.72080266 0.51475298 0.46419057]
3.674235440622382, [0.53020888 0.83594643 0.14167605], [0.16134142 0.89303787 0.42006227], [0.65354503 0.18700306 0.73342263], [0.71529461 0.63170133 0.29884283]
3.6742357602630533, [0.92379933 0.05949492 0.37822631], [0.87288377 0.46951251 0.13278524], [0.85913071 0.37205178 0.35138568], [0.64646343 0.4268745  0.63234737]
3.6742351030286056, [0.453738   0.6713055  0.58606377], [0.25347296 0.68386959 0.68415922], [0.79669252 0.57631815 0.18203962], [0.21600325 0.92889352 0.30083123]
3.6742350369870542, [0.22266999 0.17233185 0.95954146], [0.5889357  0.3156216  0.74400118], [0.51497083 0.28339206 0.80900802], [0.40492484 0.71147583 0.57431526]
3.6742353801327807, [0.22148357 0.30045401 0.92772432], [0.09666315 0.33461886 0.93738277], [0.14670854 0.80281283 0.57789979], [0.84699935 0.50500656 0.16601347]
3.674235018739635, [0.21382624 0.72344363 0.65643556], [0.15585666 0.54476884 0.82397549], [0.63585894 0.71549127 0.28940569], [0.52502933 0.16505541 0.8349257 ]
3.674235569665045, [0.95336063 0.09189141 0.28750562], [0.05372433 0.9974692  0.04657136], [0.71416011 0.56387542 0.41475274], [0.42054693 0.6031187  0.67778176]
3.6742354935614596, [0.83970486 0.1615134  0.5184681 ], [0.23259373 0.72427107 0.64910059], [0.2746084  0.89632126 0.34813564], [0.37058289 0.37830025 0.8482672 ]


6.474692126539942, [0.75869364 0.31200236 0.57187279], [0.42253719 0.44098092 0.79183215], [0.5257896  0.11698236 0.84253215], [0.5589066  0.78627605 0.26342626], [0.53796805 0.82077939 0.19212385]
6.474693420856478, [0.48784386 0.79047111 0.37035631], [0.36796366 0.48173681 0.79531905], [0.26354155 0.17731041 0.94821246], [0.06879142 0.67706675 0.73269936], [0.20815744 0.29316032 0.93312781]
6.474692826447404, [0.52994791 0.3508586  0.77204498], [0.55298439 0.70010418 0.45173267], [0.58561691 0.4389231  0.68146852], [0.96367396 0.22140195 0.14937761], [0.19194186 0.66259372 0.72396677]
6.474692454252144, [0.08749415 0.40692838 0.90926017], [0.98966091 0.14322764 0.00755785], [0.09336402 0.70856533 0.69944144], [0.73408119 0.01627598 0.67886663], [0.87253582 0.36422612 0.32560802]
6.474692059593827, [0.6614868  0.38511632 0.64352206], [0.8567702 0.5042429 0.1080922], [0.2818031  0.76180274 0.58330404], [0.63752313 0.74718325 0.18783357], [0.92615004 0.07778772 0.3690463 ]
6.47469163751701, [0.97462595 0.21330798 0.06785256], [0.44561137 0.63945683 0.62651853], [0.07796312 0.65721554 0.74965958], [0.07274722 0.4005099  0.91340006], [0.74318026 0.11362407 0.65937294]
6.474692486664445, [0.69695606 0.38394777 0.60567018], [0.39156941 0.16465295 0.90529708], [0.19016001 0.96831194 0.16189863], [0.3666512  0.79929271 0.4761282 ], [0.72333199 0.67471856 0.14678454]
6.474693576186859, [0.91452682 0.22358493 0.33712087], [0.44737436 0.76040834 0.47078162], [0.4303405  0.70417785 0.56474827], [0.55839342 0.60691142 0.56555753], [0.68592982 0.38300516 0.61871425]
6.47469366459152, [0.73941931 0.55214731 0.38521738], [0.40714878 0.64828301 0.64339647], [0.98151502 0.14910884 0.11997845], [0.18392849 0.6506993  0.73672297], [0.45615861 0.69834426 0.55157467]
6.474692498748483, [0.52612362 0.85019055 0.01923456], [0.30900511 0.5927119  0.74377983], [0.14295493 0.72585251 0.67283135], [0.72215663 0.06572874 0.68859969], [0.22399771 0.64536969 0.73028966]
6.474691817931983, [0.37288525 0.40712685 0.83378913], [0.25201767 0.92385775 0.28805199], [0.79387094 0.31731388 0.51873002], [0.10273007 0.41203619 0.90535778], [0.99940114 0.03073664 0.01589421]
6.474692571386877, [0.43516994 0.38204181 0.81527369], [0.61921829 0.03844141 0.78427735], [0.63755368 0.46264055 0.61602681], [0.58435212 0.07813688 0.80772967], [0.66324326 0.65428735 0.36334067]
6.474693184402262, [0.1747954  0.6996579  0.69276647], [0.27608359 0.62787233 0.72770473], [0.45661073 0.88320339 0.10704396], [0.59557392 0.51919973 0.61296277], [0.34396075 0.93118764 0.12075004]
6.47469358572878, [0.5767279  0.57113106 0.58411835], [0.26511106 0.9561007  0.1248502 ], [0.18837068 0.77987341 0.59692039], [0.0961062  0.98744576 0.12535736], [0.05435107 0.83069871 0.55406282]
6.474691828629437, [0.27977401 0.64100048 0.71473414], [0.73013512 0.67892199 0.07725046], [0.80988278 0.53617283 0.23792558], [0.64086679 0.55638436 0.52889148], [0.27975903 0.5609007  0.77918245]
6.474692995331053, [0.50857119 0.60738085 0.61028178], [0.33646728 0.89846918 0.28203351], [0.58323713 0.73469179 0.34650026], [0.84346698 0.29307329 0.45019051], [0.50467339 0.85442804 0.12352119]
6.474692063518882, [0.75114175 0.01981257 0.65984357], [0.92789223 0.00349348 0.37283213], [0.4713515  0.42320199 0.77377506], [0.20675672 0.65972218 0.72250835], [0.81540981 0.57888245 0.00139974]
6.474692412701757, [0.27889159 0.08657232 0.95641242], [0.04756201 0.27654993 0.95982185], [0.11980464 0.98409803 0.13114079], [0.51619615 0.68893371 0.50883385], [0.41297246 0.6433354  0.64464976]
6.474691799531692, [0.28902694 0.38282535 0.87744412], [0.88681225 0.39811848 0.23466082], [0.97224286 0.0088288  0.23380733], [0.57316798 0.81690851 0.06433466], [0.1142787  0.54562453 0.83020133]
6.474692786498475, [0.42859233 0.16664138 0.88799734], [0.18713072 0.57633156 0.79550237], [0.57569542 0.67570362 0.46043392], [0.54123855 0.18684369 0.81984771], [0.43480645 0.86534372 0.24924606]


9.985282993240201, [0.80393479 0.21869859 0.55304591], [0.17066075 0.70753426 0.68576248], [0.67668891 0.05312747 0.73434977], [0.75935096 0.41388411 0.50208173], [0.65105833 0.38276135 0.6554516 ], [0.64785597 0.04378989 0.76050318]
9.985283387067454, [0.94281904 0.24961179 0.220876  ], [0.77248178 0.59060915 0.23335107], [0.64175374 0.46171495 0.61234911], [0.13997255 0.80837669 0.57178214], [0.00563415 0.82583874 0.56387821], [0.06197357 0.47227234 0.87927135]
9.985282847486815, [0.1232234  0.87070015 0.47612734], [0.73245101 0.2989704  0.61166349], [0.60172291 0.29746732 0.74124405], [0.85330578 0.45136801 0.26102904], [0.36459711 0.01330601 0.9310703 ], [0.108774   0.45828086 0.88212633]
9.985283226717131, [0.31961807 0.94406876 0.08110776], [0.3049646  0.88230714 0.3585118 ], [0.58401285 0.26912987 0.76583165], [0.90186299 0.31331982 0.29744552], [0.78247633 0.19081868 0.59272171], [0.88954568 0.36135283 0.27952211]
9.985283260810021, [0.84428727 0.49837391 0.19698336], [0.31789473 0.67444883 0.66637956], [0.63513263 0.70915201 0.30612083], [0.12392644 0.11169995 0.98598446], [0.13330653 0.55873668 0.81856136], [0.56825159 0.63145376 0.52759481]
9.985283913026082, [0.99088208 0.04084436 0.12839177], [0.24253825 0.5435493  0.80357287], [0.87116946 0.44900322 0.19864509], [0.10015834 0.64723426 0.75568255], [0.69472085 0.4812062  0.53460596], [0.67727054 0.23672866 0.69660905]
9.98528297452216, [8.93976650e-01 4.48113529e-01 1.19319697e-04], [0.53175978 0.67863672 0.50663966], [0.60654236 0.7154576  0.34673735], [0.64214295 0.6121949  0.46137819], [0.40351945 0.67319382 0.61966292], [0.45153273 0.62606897 0.63573253]
9.985284309468286, [0.56160509 0.54850287 0.61947101], [0.44335326 0.60883284 0.65784532], [0.55899783 0.08282188 0.8250224 ], [0.82161962 0.48771849 0.29507944], [0.74880435 0.22828161 0.62223754], [0.45755504 0.56156135 0.68941441]
9.985282312251496, [0.45728586 0.38312486 0.80256151], [0.66496979 0.70299669 0.25221189], [0.74904974 0.5727206  0.33303994], [0.33599122 0.45234046 0.82613437], [0.70997031 0.40126292 0.57873157], [0.18695962 0.7523461  0.63168145]
9.985284048126795, [0.69113111 0.61034655 0.38705926], [0.15006349 0.66053527 0.73564537], [0.50162895 0.54686286 0.67030546], [0.98112011 0.04898934 0.18709188], [0.52169735 0.38181238 0.76292279], [0.87946627 0.44661075 0.1645537 ]
9.985282599493365, [0.75653183 0.57923561 0.3035551 ], [0.93089058 0.33357503 0.14889736], [0.88277285 0.43132554 0.18619983], [0.40755226 0.77315889 0.48592848], [0.21409433 0.96704742 0.13777848], [0.75396531 0.32784172 0.56925927]
9.985283211883056, [0.39310961 0.84922382 0.352539  ], [0.93571692 0.02389738 0.35194142], [0.38879076 0.37667457 0.84080795], [0.84733275 0.10811519 0.51994069], [0.28537298 0.61107557 0.738342  ], [0.64802591 0.71884001 0.25165743]
9.985283254205434, [0.25531572 0.50756662 0.82291555], [0.49279053 0.39548764 0.77507872], [0.01828374 0.34053769 0.94005307], [0.74469149 0.20562789 0.63494233], [0.35103122 0.74999589 0.56060971], [0.85422535 0.45978302 0.24269039]
9.985282976806664, [0.6030883  0.50701378 0.61580965], [0.49144738 0.47451854 0.73028188], [0.63373875 0.76501591 0.11456811], [0.64589907 0.76315559 0.02019764], [0.50262886 0.84315881 0.19091214], [0.8390066  0.39433176 0.37492719]
9.985283161256394, [0.17520074 0.26484464 0.94824154], [0.9096388  0.04686565 0.41274794], [0.79155407 0.05920698 0.60822421], [0.68553566 0.49942307 0.52973339], [0.55162244 0.69507979 0.46106048], [0.67180411 0.40620054 0.61941938]
9.985283347527789, [0.10009914 0.88397629 0.45669035], [0.92340236 0.24033124 0.29928078], [0.73921903 0.60387853 0.29813745], [0.43293278 0.88306211 0.18102632], [0.26492633 0.60777093 0.74861775], [0.33122204 0.70819511 0.62349952]
9.985282508597459, [0.3903959  0.18241437 0.90239461], [0.93434069 0.35537558 0.02675217], [0.22554015 0.04998994 0.97295048], [0.56346009 0.82274874 0.07481464], [0.77189584 0.34873885 0.53156187], [0.2210053  0.97516758 0.01431233]
9.985281881086344, [0.9440771  0.20442867 0.2587032 ], [0.06157283 0.6029033  0.79543472], [0.16608594 0.08943218 0.98204753], [0.17025852 0.85076513 0.49720291], [0.40349746 0.91485279 0.01530281], [0.73789107 0.56267318 0.37271392]
9.985284168101636, [0.7236557  0.49939531 0.47636831], [0.99855423 0.04932193 0.0213729 ], [0.68049506 0.68134684 0.26961632], [0.79526447 0.24390105 0.55503757], [0.68054165 0.03824151 0.73171077], [0.39198656 0.82017369 0.41672732]
9.985283539274157, [0.03454786 0.67354885 0.73833488], [0.49791278 0.61109321 0.61534377], [0.51214144 0.6677876  0.54015818], [0.54511475 0.23561259 0.80457232], [0.58453374 0.21433334 0.7825481 ], [0.60842883 0.08886931 0.78861689]


14.453568803944645, [0.19806748 0.83263225 0.51719707], [0.67107362 0.1526555  0.72550431], [0.6361844  0.36932621 0.67739763], [0.49483379 0.5509197  0.672032  ], [0.88710743 0.39372253 0.2408796 ], [0.57767003 0.43753208 0.68910305], [0.57036863 0.0932728  0.81607586]
14.45298870699415, [0.54711906 0.7629542  0.34432779], [0.37130971 0.44220717 0.81644468], [0.56634279 0.62974582 0.53167288], [0.04455795 0.70641374 0.70639522], [0.75505352 0.61598689 0.22462043], [0.2281705  0.87038134 0.43631931], [0.27340724 0.92709624 0.25640015]
14.452982219706666, [0.30121153 0.34610907 0.88852694], [0.78619427 0.55467803 0.27245338], [0.80152406 0.58815563 0.10785237], [0.93467255 0.25601543 0.24666439], [0.19505603 0.86774627 0.45713189], [0.7247839  0.44684616 0.52442046], [0.87922287 0.40209797 0.25550806]
14.452989829413188, [0.83632384 0.22828646 0.49844531], [0.82884391 0.26961008 0.49023278], [0.28232856 0.95507792 0.09009306], [0.16768121 0.48960084 0.85567169], [0.48587651 0.58089046 0.65306224], [0.52812015 0.55627012 0.64160164], [0.35675285 0.35437873 0.86437441]
14.4529897607842, [0.29252283 0.91666875 0.27230278], [0.72525316 0.52936661 0.44020319], [0.55860358 0.63179756 0.53739546], [0.48391381 0.3731736  0.79156105], [0.42805726 0.88901657 0.16253161], [0.27730967 0.82330701 0.49524228], [0.55716368 0.61297092 0.56021004]
14.452987257053062, [0.65260919 0.31806054 0.68770541], [0.74936485 0.34453219 0.56546431], [0.47467348 0.85859535 0.19364686], [0.58953825 0.50269878 0.63224883], [0.3925455  0.7995821  0.45450687], [0.2811389  0.54022364 0.79317044], [0.60978796 0.42268842 0.6704425 ]
14.452985343407448, [0.75761541 0.47280514 0.44997132], [0.83385683 0.55086412 0.03509289], [0.46890905 0.59595192 0.65189387], [0.67329771 0.45245117 0.58477186], [0.14890107 0.94478993 0.29189119], [0.93157111 0.18752618 0.31146298], [0.13826969 0.07533082 0.98752557]
14.452988069114456, [0.88913273 0.08396051 0.44988179], [0.02088025 0.81521076 0.5787879 ], [0.54999942 0.2577522  0.79439565], [0.48533498 0.71504    0.50315779], [0.47583724 0.4266754  0.76910794], [0.12934216 0.31911056 0.93884986], [0.29077841 0.75332437 0.58987313]
14.45392422980992, [0.32438572 0.7808487  0.5339    ], [0.01909054 0.97595045 0.21715494], [0.48130523 0.74238182 0.46606277], [0.56237066 0.5520703  0.61559534], [0.43302763 0.85875948 0.27389637], [0.2843781  0.66312777 0.69238043], [0.87518443 0.47546574 0.08935629]
14.452986857287835, [0.34964499 0.33598803 0.87456299], [0.61289491 0.62056586 0.48913989], [0.50675187 0.3736494  0.77690969], [0.02520475 0.76158447 0.64757534], [0.6185483  0.56725101 0.54371343], [0.44749912 0.83816398 0.31181032], [0.27679361 0.03734936 0.96020327]
14.45298558727062, [0.35965623 0.15439143 0.92022317], [0.83233791 0.2462033  0.49658587], [0.89221107 0.4205403  0.16463676], [0.08336477 0.6780232  0.73029778], [0.81426196 0.57877469 0.04469132], [0.21110772 0.62574855 0.7509143 ], [0.09337759 0.8133009  0.57430155]
14.452987449238542, [0.22888982 0.42072393 0.87783872], [0.33399894 0.87249447 0.35664844], [0.43748579 0.21881553 0.87219605], [0.60404975 0.0101596  0.79688185], [0.81793311 0.38351809 0.42883481], [0.65942536 0.7395669  0.13490364], [0.28101858 0.64601596 0.70971257]
14.452986275559708, [0.53948458 0.22069456 0.81255787], [0.37987971 0.71433097 0.58772669], [0.05622232 0.75018878 0.65882914], [0.44355461 0.41143251 0.79623024], [0.37250688 0.63606585 0.67576538], [0.49151076 0.78374711 0.37968098], [0.11404401 0.6223976  0.77434824]
14.45298678792363, [0.54501797 0.63053563 0.5526122 ], [0.38007826 0.34316799 0.85893902], [0.27638657 0.73994396 0.61326454], [0.41202916 0.75474426 0.51048317], [0.57531413 0.80954661 0.11682437], [0.43954585 0.69112122 0.57371675], [0.96745919 0.2206642  0.12381451]
14.45298607680816, [0.66856535 0.72714531 0.15582061], [0.62571841 0.50431019 0.5951031 ], [0.45895304 0.88534473 0.0743425 ], [0.26641446 0.82611529 0.49654493], [0.58210567 0.57466848 0.57524702], [0.79621467 0.52172729 0.30633779], [0.99324233 0.11427591 0.02026531]
14.452987017962506, [0.58710471 0.32461889 0.74157308], [0.91175348 0.40032679 0.09189151], [0.71260671 0.7011955  0.02272775], [0.73424418 0.56138676 0.38174651], [0.61556268 0.70654269 0.34911317], [0.3781812  0.72082537 0.58085262], [0.65933678 0.73644331 0.15141417]
14.452988031086193, [0.65866003 0.17731054 0.73125094], [0.77755165 0.53441488 0.33138221], [0.56092124 0.43722901 0.70299228], [0.51723721 0.46371603 0.71932823], [0.73170304 0.64944611 0.20695511], [0.18091425 0.67377381 0.7164488 ], [0.75972866 0.63388525 0.14492014]
14.452985973330891, [0.77717988 0.4501592  0.43971369], [0.67029133 0.5069566  0.54194515], [0.00660414 0.78663901 0.61737788], [0.34682806 0.49824096 0.7946485 ], [0.7215316  0.07948701 0.68780372], [0.13561578 0.10908113 0.98473838], [0.81974595 0.19944178 0.53687946]
14.45298054774049, [0.09514667 0.22795724 0.96901115], [0.85161892 0.19341991 0.48716932], [0.37206044 0.41021402 0.83264367], [0.99761391 0.00928496 0.06841261], [0.20344586 0.8234976  0.52958615], [0.46972602 0.76370771 0.44284082], [0.04722563 0.98207946 0.18245458]
14.452987227841456, [0.24136304 0.57869188 0.77901193], [0.94262546 0.30203569 0.14223813], [0.16484425 0.55527134 0.81516876], [0.94341271 0.11280272 0.31184613], [0.26306094 0.43449525 0.86140166], [0.19832461 0.75268312 0.6278021 ], [0.13621943 0.46768999 0.87333289]


19.675290869582902, [0.34028369 0.84677842 0.40886834], [0.19672332 0.50217527 0.84209259], [0.85035779 0.29605577 0.43502024], [0.00973413 0.37282176 0.92785192], [0.69610037 0.6835581  0.21952814], [0.09418628 0.4662758  0.87961118], [0.33631224 0.3122479  0.88847922], [0.84726653 0.22951547 0.479022  ]
19.67529003729019, [0.615235   0.63472121 0.46756269], [0.62319584 0.17809733 0.76151709], [0.5370346  0.52196722 0.66267945], [0.08395115 0.72833154 0.68006277], [0.03566878 0.0642639  0.99729529], [0.62318322 0.71308418 0.32117538], [0.94036987 0.2400287  0.24102018], [0.54848472 0.48057684 0.68425903]
19.675289828247116, [0.28432402 0.56602994 0.77380228], [0.23478684 0.80353913 0.54699178], [0.53728256 0.06938764 0.84054316], [0.13015968 0.82318842 0.55264752], [0.9047349  0.04933052 0.42310905], [0.68970008 0.70641242 0.15904491], [0.17577999 0.96277682 0.20533434], [0.0081836  0.01465933 0.99985906]
19.6752900645595, [0.40505869 0.5922424  0.69654605], [0.45513447 0.73907976 0.49660218], [0.47621823 0.39164335 0.7872939 ], [0.69476448 0.11311605 0.71028661], [0.68571731 0.6497228  0.32810373], [0.95253763 0.1686129  0.25345959], [0.09420979 0.77404616 0.62608072], [0.43573656 0.89345374 0.10896818]
19.67528890344135, [0.49471941 0.25397526 0.83111327], [0.65262113 0.37424851 0.65880476], [0.50483188 0.84840548 0.159226  ], [0.03477023 0.71747633 0.69571455], [0.28202406 0.62420477 0.72858139], [0.60572675 0.63925447 0.4737603 ], [0.96071528 0.27531027 0.03507717], [0.89259146 0.39963755 0.20873504]
19.675290575010994, [0.31865579 0.58467923 0.74606212], [0.23306493 0.48666067 0.84192763], [0.29948352 0.56617701 0.76795391], [0.54872977 0.67924641 0.48736018], [0.13758948 0.78284394 0.60681505], [0.13288161 0.9891804  0.06216608], [0.49537686 0.80317588 0.33092336], [0.0860649  0.29255516 0.95236774]
19.675289341607268, [0.8506265  0.10473144 0.51523381], [0.45504279 0.5527153  0.69817036], [0.14076158 0.15657025 0.97758475], [0.1845574  0.97794247 0.09781148], [0.74070555 0.66916754 0.05975023], [0.2923301  0.65679254 0.69510191], [0.72825457 0.54145498 0.42008544], [0.09247966 0.07902441 0.99257375]
19.675291080489195, [0.26981326 0.92926162 0.25233637], [0.54997259 0.0021893  0.83517984], [0.38482426 0.44123017 0.81069491], [0.6270603  0.30131326 0.71833537], [0.74434904 0.26774002 0.61176776], [0.65954542 0.654757   0.36917898], [0.79100213 0.37767778 0.48132642], [0.37902746 0.35157698 0.85599755]
19.675290831140696, [0.98795537 0.01717626 0.15378284], [0.79591481 0.28753083 0.53277166], [0.86233079 0.10970084 0.49431905], [0.37433914 0.92170654 0.10162316], [0.68393227 0.36246698 0.63313058], [0.68290144 0.2435216  0.68872553], [0.23045343 0.9730604  0.00668383], [0.16633838 0.75364044 0.63589121]
19.675290508988823, [0.00526628 0.88211149 0.47101124], [0.27801402 0.40554059 0.87077266], [0.0017941  0.99881697 0.0485946 ], [0.01874017 0.88564383 0.46398687], [0.4528293  0.75091736 0.4806961 ], [0.59217425 0.70762022 0.38549097], [0.58495994 0.63177453 0.50860871], [0.88897031 0.34188023 0.3047125 ]
19.67529064784749, [0.71477865 0.69838386 0.03676228], [0.82053517 0.13993962 0.55420117], [0.02819899 0.27639819 0.96062941], [0.70909441 0.68116342 0.18221282], [0.54842135 0.4560578  0.70088894], [0.53348999 0.03650801 0.8450181 ], [0.33525304 0.61060491 0.71747268], [0.04980991 0.78946132 0.61177593]
19.675291333693817, [0.58723104 0.61887691 0.52168101], [0.65171091 0.59900989 0.46525266], [0.52311017 0.61223845 0.59289108], [0.53481883 0.47330145 0.69996754], [0.99194002 0.12210682 0.03383683], [0.66817388 0.06233847 0.74138895], [0.49273015 0.46677454 0.73439671], [0.30095049 0.0254853  0.95329917]
19.675289888331186, [0.21369685 0.54388235 0.81149593], [0.3532989  0.83380199 0.42421   ], [0.13272259 0.00104986 0.99115267], [0.46126921 0.39142805 0.79625046], [0.6497933  0.53334667 0.54158102], [0.62292193 0.69790435 0.35340881], [0.99125039 0.07497181 0.10863651], [0.467044   0.60094445 0.6486414 ]
19.675290723919503, [0.46273933 0.50518598 0.72846376], [0.20434624 0.68553311 0.69877533], [0.9209335  0.11920781 0.37104041], [0.73276431 0.66632037 0.13810729], [0.58742613 0.25113954 0.76932404], [0.11050733 0.90022645 0.42116562], [0.8006831  0.54211482 0.25498647], [0.144046   0.70702356 0.69236438]
19.675293414543315, [0.60591562 0.55357963 0.57132816], [0.6253746  0.15809902 0.76414089], [0.38650353 0.92152341 0.03754497], [0.86751807 0.49341231 0.0629022 ], [0.85268964 0.24139101 0.46330418], [0.58706679 0.57336142 0.5714974 ], [0.20273062 0.9675932  0.15054467], [0.52167091 0.45181246 0.72368844]
19.675290379825352, [0.29018049 0.79377434 0.53452557], [0.28812781 0.84824347 0.44437076], [0.6650935  0.74550824 0.04322148], [0.58949007 0.0466418  0.80642793], [0.65869555 0.40418273 0.63463099], [0.93673234 0.2034193  0.28487385], [0.31954161 0.89190597 0.31999516], [0.03524476 0.75225876 0.65792444]
19.67529183498956, [0.56961526 0.53358857 0.62515734], [0.76698291 0.03178186 0.64087997], [0.56701992 0.78748189 0.24157955], [0.66169321 0.43671729 0.60945886], [0.16442426 0.89870942 0.40655386], [0.86170346 0.41827091 0.28725701], [0.4368383  0.07566527 0.89635209], [0.08364501 0.31007536 0.94702523]
19.67529224659365, [0.29801898 0.5941838  0.74708119], [0.55436716 0.63500201 0.5380051 ], [0.78426864 0.09173029 0.61360268], [0.60913667 0.38808646 0.69162231], [0.30120896 0.44552244 0.84307943], [0.61764137 0.78453468 0.05499519], [0.56164854 0.50381118 0.65629659], [0.09458672 0.74052168 0.66534276]
19.67528989741991, [0.16265192 0.04344416 0.98572661], [0.7226549  0.61892862 0.3077292 ], [0.38275233 0.85414831 0.35203879], [0.2027458  0.83382053 0.51345639], [0.96285557 0.19141897 0.1904414 ], [0.30028296 0.12833551 0.94517731], [0.6147063  0.65509775 0.43929843], [0.91299949 0.34354474 0.22002031]
19.675292084240965, [0.52846004 0.68534325 0.50103355], [0.65318042 0.6285832  0.42218302], [0.64224506 0.75224277 0.1471465 ], [0.19387977 0.82890942 0.52470926], [0.20659702 0.74063816 0.63935342], [0.21382602 0.27291545 0.9379742 ], [0.15270684 0.98100955 0.11958631], [0.21334984 0.66320602 0.71738387]


25.75998819010758, [0.73592223 0.2892002  0.61219419], [0.74242996 0.433235   0.51098453], [0.21146597 0.4528581  0.86614184], [0.15265419 0.49985825 0.8525482 ], [0.70454197 0.27873413 0.65263152], [0.76823717 0.62645128 0.131797  ], [0.4201066  0.0745248  0.90440947], [0.6519577  0.46134526 0.60175718], [0.48790441 0.58145814 0.65104202]
25.759989584279193, [0.56183689 0.78940798 0.24733448], [0.87693437 0.18998876 0.4414639 ], [0.28578523 0.9022708  0.32285322], [0.23883665 0.96150606 0.13587916], [0.04281553 0.34830513 0.93640289], [0.5915872  0.78988754 0.16156194], [0.24190309 0.68843894 0.68376511], [0.10615037 0.60807143 0.7867536 ], [0.66624056 0.69799248 0.26254527]
25.759991055062134, [0.48450227 0.62999416 0.60693072], [0.66876023 0.16493297 0.72495301], [0.4603777  0.54942257 0.69727126], [0.12508011 0.94282646 0.3089227 ], [0.65962875 0.6044053  0.44674841], [0.51461542 0.82848925 0.22085409], [0.81985298 0.55117221 0.15508156], [0.79171802 0.60107307 0.10905837], [0.613535   0.61348491 0.49720325]
25.759989066875953, [0.84411229 0.06197315 0.53257279], [0.00317683 0.78422959 0.62046261], [0.52611961 0.72386673 0.44633521], [0.73792081 0.67324303 0.04708185], [0.70010804 0.54316739 0.46348454], [0.30599698 0.07598241 0.94899553], [0.17447187 0.5951535  0.78444368], [0.65716787 0.69967199 0.28033818], [0.0645706  0.99654251 0.05228436]
25.75998884341089, [0.93159413 0.31408527 0.1829831 ], [0.58852653 0.66768948 0.45588078], [0.70654761 0.21620424 0.6738295 ], [0.00570151 0.7480684  0.66359714], [0.36945847 0.87384525 0.31606158], [0.48800909 0.60836751 0.62588825], [0.66909023 0.07940077 0.73892745], [0.25834442 0.73323913 0.62898215], [0.44905712 0.89254019 0.04146935]
25.75998856133706, [0.87299973 0.19582889 0.44667943], [0.74159809 0.66263928 0.10460147], [0.63809251 0.54605514 0.54282754], [0.44763031 0.88125202 0.15173   ], [0.41614768 0.90379896 0.09984261], [0.86984913 0.12843706 0.47630496], [0.19464619 0.86212492 0.46781778], [0.14574277 0.63979102 0.75460353], [0.01431973 0.9718114  0.23532433]
25.759992871792047, [0.95102649 0.22713497 0.2096624 ], [0.78642173 0.36084828 0.50132762], [0.9404157  0.03444257 0.33827803], [0.63285596 0.39559605 0.66558027], [0.2184667  0.22142902 0.95039018], [0.84900048 0.24627361 0.46749064], [0.25011576 0.61597855 0.74700236], [0.60735068 0.11448925 0.7861408 ], [0.62299562 0.59280629 0.51035004]
25.759991534995564, [0.77090456 0.31644885 0.5527805 ], [0.94318224 0.11282124 0.3125358 ], [0.44032595 0.71158389 0.54750472], [0.59596476 0.5899474  0.54478258], [0.77207559 0.45603352 0.44264287], [0.74786534 0.42177101 0.51264671], [0.78189979 0.06141463 0.62037163], [0.57295235 0.62299031 0.53254922], [0.956159   0.19638709 0.21723738]
25.759988853024403, [0.21236956 0.7743822  0.5960129 ], [0.80683105 0.57860693 0.1193217 ], [0.65800359 0.69617243 0.28701084], [0.03769899 0.91514412 0.40136022], [0.62728194 0.48061731 0.61280043], [0.51846854 0.16110415 0.8397832 ], [0.75495706 0.3191549  0.57286995], [0.30407493 0.93106393 0.20163926], [0.13534512 0.1549063  0.97861419]
25.759991177191054, [0.65761381 0.71018316 0.25136419], [0.65783512 0.54218058 0.52277449], [0.3397959  0.17067586 0.92488296], [0.70562246 0.25907519 0.65952785], [0.62986388 0.14558983 0.76293846], [0.61627633 0.63509232 0.46568362], [0.13734402 0.90048212 0.41263613], [0.50313016 0.14800825 0.85144207], [0.13981515 0.6480372  0.74866515]
25.75999063865025, [0.31731745 0.61019606 0.72592727], [0.0293955  0.99652201 0.07797299], [0.41357801 0.41560568 0.81007725], [0.67319286 0.13441325 0.72714816], [0.47530712 0.55723327 0.68086285], [0.60627465 0.59437939 0.52834097], [0.23804675 0.62783863 0.74104818], [0.85856513 0.11277858 0.50014688], [0.69359913 0.49136791 0.52676164]
25.75999147703359, [0.71758054 0.35566772 0.59881436], [0.86638741 0.27995026 0.41352232], [0.52876695 0.72053348 0.44859449], [0.96154151 0.27278221 0.03205912], [0.74974567 0.6239015  0.22051839], [0.10056316 0.72366043 0.68279033], [0.06713081 0.99343755 0.09260288], [0.98723636 0.15852935 0.01525815], [0.832644   0.21030428 0.51232419]
25.75999062661401, [0.67454301 0.44138421 0.59175308], [0.8418744  0.5320158  0.09059075], [0.69130325 0.58642749 0.42214052], [0.29374074 0.68013538 0.67166378], [0.58506909 0.64951028 0.48562388], [0.91203622 0.07487447 0.40321675], [0.1841412  0.58417774 0.79046087], [0.52542241 0.03291393 0.85020466], [0.69303496 0.20852147 0.69008792]
25.75999013119181, [0.79461261 0.48251553 0.36846921], [0.61591163 0.61948498 0.48671473], [0.22201468 0.69453586 0.68434598], [0.52536478 0.45355903 0.71991392], [0.73395723 0.23569182 0.63698992], [0.32372137 0.93465515 0.14705179], [0.11001025 0.72384036 0.68114086], [0.52607381 0.646008   0.55310036], [0.78526965 0.56657054 0.24969863]
25.759989442899087, [0.85950555 0.50385196 0.08592681], [0.2972924  0.22895613 0.92692843], [0.18256666 0.88956526 0.41873985], [0.71891176 0.49931927 0.48357641], [0.97004323 0.03121973 0.24091797], [0.51221622 0.68798198 0.51411608]